NOUN	übung	551768	0	1247	1944
VERB	machen	11868884	0	21	36	37	53	94	94	130	133	183	198	215	220	233	332	332	333	382	392	416	528	591	629	640	686	695	737	756	769	775	790	856	863	866	877	883	930	986	1018	1037	1051	1062	1145	1162	1165	1171	1217	1222	1227	1247	1255	1261	1269	1270	1281	1301	1312	1327	1329	1331	1364	1424	1442	1444	1461	1462	1463	1498	1576	1595	1603	1609	1629	1657	1677	1681	1684	1702	1708	1758	1770	1847	1863	1882	1902	1903	1907	1944
NOUN	meister	531446	0	341	366	378	487	502	1164	1247	1340	1439	1508	1801	1812	1873	1874	1944
ADJ	alt	6169581	1	1	93	96	97	98	98	98	98	99	118	119	120	121	122	337	811	857	866	915	942	1541	1783	1821
NOUN	leute	3849975	1	53	58	98	134	140	367	446	519	612	647	656	888	1021	1284	1832	1902	1918
ADJ	jung	3377524	1	101	319	775	866	1538	1539	1541
ADJ	neu	18181617	1	581	1121	1923
NOUN	alter	1203946	2	3	20	100	100	682	791	1298	1634	1698	1822	1823
VERB	gehen	17812785	2	97	153	202	211	301	388	456	459	527	559	600	616	650	702	708	715	716	718	720	773	793	798	915	980	1118	1134	1184	1202	1208	1447	1459	1464	1556	1577	1618	1670	1723	1723	1724	1725	1775	1775	1776	1845	1906	1965
NOUN	schönheit	314567	2	1634	1698	1699	1823	1854	1935	1936
VERB	schützen	442109	3	100	159	283	1822	1951
NOUN	torheit	10368	3	1822
NOUN	anfang	2517138	4	56	103	853	920	1817	1921
VERB	beharren	24406	4	920
NOUN	kunst	1193818	4	8	920	1558	1816
NOUN	angst	1508722	5	1732
VERB	verleihen	229114	5
NOUN	flügel	223727	5	812
NOUN	arbeit	3994400	6	6	109	110	111	347	532	705	738	769	860	1063	1223	1267	1268	1269	1270	1271	1272	1405	1429	1430	1518	1576	1602	1650	1745	1775	1794	1794
VERB	ziehen	876809	6	387	789	1303	1362	1363	1381	1575	1711	1794	1879
NOUN	arm	371110	7	13	1570
NOUN	stall	198888	7
NOUN	armut	220344	8	9	27	35	71	1032	1275	1499	1759	1794	1794
NOUN	stiefmutter	12302	8
VERB	schänden	6068	9	1271	1275
NOUN	auge	2649735	10	10	17	128	131	166	331	537	768	805	818	819	893	902	928	953	1004	1113	1422	1689	1830	1830	1831	1837	1854	1935
NOUN	zahn	437386	10	10	1830	1830
NOUN	begabung	62033	11
VERB	verpflichten	464096	11	842
NOUN	bescheidenheit	30654	12	144	1289
NOUN	zier	6793	12	1289
VERB	kommen	16897813	12	30	43	124	140	197	209	210	239	298	299	348	351	381	429	448	488	514	536	558	576	577	578	592	594	602	624	655	668	679	708	715	722	724	725	778	796	799	800	840	855	873	873	884	884	955	969	999	1006	1015	1029	1061	1102	1159	1172	1184	1214	1214	1219	1250	1257	1289	1308	1309	1456	1556	1558	1586	1612	1636	1670	1675	1693	1699	1716	1716	1728	1729	1752	1753	1754	1764	1768	1795	1804	1842	1861	1887	1904	1904	1950	1965	1966	1975	1981
NOUN	betrug	103949	14
NOUN	acker	76500	14	1204	1781
NOUN	pflug	15634	14	1457
NOUN	bettler	27825	15	201	1455	1541
NOUN	krämer	32197	15	1535
NOUN	weg	4572836	15	92	221	301	343	411	619	669	820	821	987	989	1350	1351	1688	1815	1848	1983
NOUN	blut	590873	16	949	1396	1836
NOUN	wasser	2694307	16	29	66	72	86	113	381	631	637	949	960	1147	1456	1457	1836	1941	1942	1961	1962
ADJ	braun	192117	17
NOUN	liebe	1827058	17	96	99	100	100	392	458	510	527	528	529	598	599	742	746	1462	1476	1511	1520	1568	1569	1576	1617	1672	1692	1750	1774	1798	1798	1821	1906	1907
NOUN	buche	74254	18	1389
VERB	sollen	25460116	18	192	889	1389	1601	1718
VERB	suchen	2539439	18	22	1047	1048	1196	1356	1389	1772	1773
NOUN	eiche	50295	18	689	1281	1389	1432	1433
VERB	weichen	144441	18	185	1389
NOUN	dankbarkeit	61430	19	165
VERB	kosten	997338	19	646	1445	1611	1669	1945
VERB	tun	3189389	19	65	85	227	282	284	355	445	450	504	541	584	682	771	771	838	889	939	1091	1154	1191	1435	1540	1585	1601	1656	1658	1665	1721	1722	1816	1900
NOUN	gott	3405511	19	159	213	240	394	407	408	409	410	411	412	413	433	510	675	700	812	847	937	981	990	1052	1053	1176	1197	1201	1235	1265	1321	1341	1342	1423	1472	1479	1480	1485	1500	1586	1593	1593	1695	1719	1798	1798
NOUN	mensch	10308206	19	54	90	117	189	213	230	231	235	241	258	294	296	482	546	561	682	726	981	992	995	1341	1342	1343	1354	1366	1385	1478	1485	1626	1816
ADJ	schön	4031390	20	107	292	614	621	677	950	1414	1694
NOUN	tugend	92728	20	48	1537	1936
VERB	ehren	102454	20	752	916	1736	1737
NOUN	jugend	651216	20	48	791	1537
NOUN	dummheit	91518	21	280	281	282	283	284	285	382	526	1383	1878
NOUN	intelligenz	157641	21
NOUN	genie	59342	21
NOUN	eifersucht	48528	22
NOUN	leidenschaft	250322	22
NOUN	eifer	53726	22	160	948	1300
NOUN	leiden	203190	22	1631
VERB	schaffen	1481376	22	609	1317
NOUN	einbildung	22421	23	478
NOUN	bildung	873412	23	294	456
NOUN	ende	4827212	24	103	149	149	356	434	531	531	935	1020	1095	1095	1096	1096	1103	1308	1309	1613	1685	1819	1866	1910	1910
NOUN	faulheit	26761	25	26	27	84	1032	1269
VERB	denken	5181801	25	213	351	726	981	1024	1025	1131	1330	1341	1342	1412	1474	1571	1738	1744
NOUN	triebfeder	8779	26
NOUN	fortschritt	370551	26
VERB	lohnen	731062	27	836
NOUN	feigheit	13669	28
NOUN	zeichen	885991	28	353
NOUN	klugheit	19864	28	281
NOUN	feuer	486500	29	126	312	498	768	815	904	948	1034	1085	1107	1146	1196	1232	1246	1397	1478	1630	1877	1986
ADJ	gut	18731866	29	42	47	165	180	221	234	235	270	291	313	314	325	379	416	419	420	445	584	593	604	608	610	613	746	849	854	910	912	987	989	998	999	1000	1055	1056	1057	1218	1327	1351	1376	1398	1399	1400	1427	1458	1486	1501	1515	1559	1593	1633	1743	1818	1826
NOUN	diener	89878	29
ADJ	schlimm	909652	29	431	1133
NOUN	herr	3611495	29	104	193	329	633	817	830	903	982	1192	1605	1779	1979
NOUN	fliege	40835	30	461	563	820	1889
NOUN	freund	2519361	30	258	288	291	291	714	937	995	1010	1055	1190	1366	1446	1446	1446	1447	1448	1594
NOUN	sommer	1090041	30	333	1018	1863
NOUN	frechheit	65859	31
VERB	siegen	147492	31
VERB	kennen	3537763	32	48	685	738	1537	1698	1700	1925	1956
NOUN	schwanz	104995	32	69	514	1072
NOUN	furcht	98237	33
NOUN	besserung	175290	33	343	619	682	1426
NOUN	gedanke	1654558	34	212	222	263	414	832	999
NOUN	geiz	19725	35
ADJ	groß	14171946	35	167	219	248	334	415	455	465	509	509	616	882	963	1001	1084	1168	1168	1255	1307	1347	1361	1482	1483	1484	1484	1509	1553	1553	1554	1736
NOUN	geld	3467988	36	90	180	389	389	390	391	441	673	718	718	877	1037	1396	1460	1461	1525	1744	1880	1881	1987
NOUN	gelegenheit	813100	37	392	1462	1882
NOUN	dieb	92830	37	878	1122	1365	1882
NOUN	glück	1555384	38	75	115	316	405	406	485	598	599	627	636	639	739	958	963	1050	1066	1210	1313	1316	1420	1443	1475	1476	1617	1655	1672	1884	1897
NOUN	glas	498011	38	306	1884
VERB	brechen	498218	38	99	211	309	560	565	1090	1094	1302	1607	1845	1884
NOUN	ding	2585253	39	395	486	490	491	854	912	1040	1081	1102	1338	1482	1576	1818	1885
NOUN	weile	321273	39	289	1009	1858	1885
VERB	haben	118509742	39	86	93	107	167	182	263	319	329	356	356	374	374	395	406	412	476	480	482	482	483	486	534	538	540	603	614	622	623	693	693	730	730	730	730	734	739	743	745	746	747	753	755	755	766	769	772	781	787	823	834	834	848	890	985	991	1077	1084	1098	1135	1195	1204	1210	1210	1218	1249	1252	1258	1267	1274	1294	1318	1374	1488	1490	1528	1538	1539	1547	1651	1705	1732	1771	1771	1819	1885	1911	1961	1962	1969	1970
NOUN	höflichkeit	29435	40	443	1930
NOUN	luftkissen	2374	40
VERB	mildern	14397	40
NOUN	stoß	44734	40
NOUN	leben	5930276	40	62	172	176	177	178	179	224	254	293	448	520	542	582	646	745	779	799	890	908	1240	1268	1269	1405	1418	1449	1583	1611	1643	1669	1839	1928	1945
NOUN	heim	186299	41	636	1655
NOUN	herd	73727	41	287	1390	1485
NOUN	wert	1964670	41
NOUN	zeit	11707865	42	93	234	240	262	270	380	524	681	778	884	914	1002	1145	1241	1242	1245	1258	1259	1377	1409	1487	1567	1644	1752	1753	1754	1809	1810	1904	1987
NOUN	hochmut	15998	43	1061	1887
NOUN	fall	4746043	43	453	453	840	1061	1887
NOUN	hoffnung	813027	44	255	1499
NOUN	wiese	297456	44
NOUN	narr	61644	44	50	124	224	295	438	779	917	945	1062	1075	1117	1319	1344	1368	1408	1498	1523	1532	1547	1548
VERB	grasen	9058	44
NOUN	hund	2497798	45	64	143	164	194	201	210	210	326	400	440	514	611	663	709	714	726	726	773	859	941	952	980	1099	1122	1132	1211	1288	1328	1362	1363	1471	1543	1652	1686	1769	1888
NOUN	bellen	11833	45
VERB	beißen	133419	45	143	194	535	864	941	1288	1328	1543	1652	1888
NOUN	jahr	23555267	46	1092	1159
NOUN	weise	1920939	46	124	295	863	1319	1408
NOUN	hunger	227685	47	209	226	1501	1520
NOUN	koch	191541	47	1501
NOUN	jungfer	6180	49
VERB	pfeifen	66097	49	729	1340	1642
NOUN	huhn	166478	49	116	310	324	717	717	1392	1393	1413	1828
VERB	krähen	11295	49	184	968	1555	1717
NOUN	hals	310963	49	117	184	208	538	968
VERB	umdrehen	31926	49	117
NOUN	kind	8488171	50	51	55	57	65	158	159	171	174	265	312	468	509	509	882	960	961	1034	1120	1284	1397	1547	1548	1553	1553	1565	1832	1877
VERB	sagen	7414380	50	58	158	240	423	423	595	606	656	718	735	735	736	736	737	833	878	891	895	1091	1150	1173	1181	1194	1194	1548	1662	1859	1918	1967	1967
NOUN	wahrheit	786653	50	158	169	261	268	451	504	758	897	1171	1319	1531	1548	1742	1838	1900	1971
NOUN	kirche	2016814	51	257	676	1235
NOUN	küche	686289	51	1442	1630
NOUN	klage	256889	52	607
NOUN	händler	599715	52
NOUN	gruß	1058317	52
NOUN	kleid	245299	53	1481	1902
NOUN	lächeln	197481	54	292
NOUN	verbindung	1431648	54
NOUN	lehrer	910628	55	1355	1565
NOUN	pfarrer	335289	55	1355	1565
NOUN	vieh	62591	55	403	637	1355	1565
VERB	gedeihen	46005	55	165	1355	1565	1674
NOUN	müßiggang	5409	56	1599	1921
NOUN	laster	32258	56	482	1921
NOUN	messer	199522	57
NOUN	schere	50227	57
NOUN	licht	1392332	57	248	409	410	410	818	819	824	948	1806	1807
ADJ	klein	8872547	57	334	401	508	509	509	510	882	923	1084	1365	1552	1553	1553	1554	1712	1726
NOUN	morgen	729610	58	553	628	1012	1255	1647	1648	1824	1939
ADJ	faul	118431	58	517	518	1395	1562	1918
NOUN	katze	829326	59	256	264	304	349	460	470	666	711	729	890	1072	1144	1243	1287	1512	1542	1851	1893	1922	1963
NOUN	nadel	97904	60
NOUN	spitz	12321	60
NOUN	neid	91690	61	580	982	1210	1345
ADJ	ehrlich	782598	61
NOUN	form	2751064	61	144	580
NOUN	anerkennung	380560	61	580
NOUN	ordnung	832338	62	524	731	1567	1761	1928	1929
ADJ	halb	971360	62	311	315	399	1036	1268	1470	1659	1928
NOUN	pessimist	15629	63
NOUN	optimist	27314	63
NOUN	erfahrung	3005350	63	512	1427	1428
NOUN	pfaffe	6622	64	454
VERB	verdienen	447237	64
NOUN	brot	342052	64	148	230	244	463	465	640	730	734	783	803	858	858	860	1320	1343	1509	1513	1629	1657	1760	1978
NOUN	mund	486134	64	449	573	1033	1115	1597	1744	1919
NOUN	pferd	1185958	65	66	118	167	296	296	296	326	424	539	544	713	751	775	798	962	1051	1070	1141	1186	1307	1313	1316	1376	1402	1556	1912
NOUN	zaum	14094	65
VERB	lassen	9373461	66	256	520	620	757	1093	1130
VERB	bringen	3551273	66	75	77	161	162	290	334	369	379	628	784	795	860	926	1035	1050	1192	1240	1370	1517	1518	1631	1640	1647	1648	1735	1808	1939
NOUN	trinken	129093	66	845	1871
VERB	zwingen	269715	66	1128
NOUN	politik	1377717	67
VERB	verderben	31946	67	154	613	661	812	829	1164	1633	1811	1812	1953
NOUN	charakter	809314	67
VERB	singen	414435	68	253	257	1225	1803
NOUN	recht	1981439	69	290	474	766	771	816	985	1139	1222	1577
NOUN	unrecht	169078	69	651	771	1673
NOUN	rede	630699	70	602	886	1129	1905	1932
NOUN	silber	241257	70	1129	1398	1932
NOUN	schweigen	126743	70	602	1129	1932
NOUN	gold	542354	70	287	364	573	1028	1115	1129	1390	1398	1478	1597	1868	1919	1932
NOUN	reichtum	162615	71	286
VERB	protzen	3664	71
VERB	ducken	11517	71
NOUN	reise	923381	72	1530	1623	1721	1722
NOUN	land	4950507	72	626	919	1266	1299	1589
NOUN	reisende	159940	73	1934
VERB	aufhalten	123051	73	1934
NOUN	tag	9658088	74	112	277	303	552	607	734	746	1106	1256	1270	1370	1545	1596	1606	1624	1625	1650	1869	1916
VERB	erbauen	111952	74	1624	1625
NOUN	scherbe	30207	75
NOUN	leiste	40875	76	1136	1637	1937
NOUN	soldat	546085	77	254	380	626
VERB	holen	841213	77	108	697	729	867
NOUN	spiel	4896172	78	598	599	1146	1416	1476	1617	1672
VERB	können	69878376	78
VERB	laden	856187	78	381	732	1021	1456
NOUN	spinne	35378	79	627	628	1646	1647	1647	1648	1939	1939
NOUN	abend	1649325	79	101	102	277	477	552	1106	1298	1455	1527	1606	1646	1647	1824	1869	1916	1939
NOUN	sport	1036444	80
NOUN	mord	253646	80
NOUN	stillstand	63453	81
VERB	bedeuten	1799096	81
NOUN	rückschritt	27050	81
NOUN	gurke	65581	82
NOUN	unkraut	37118	83	1204	1948
VERB	vergehen	180340	83	428	529	1569	1709	1936	1948
NOUN	vergesslichkeit	7832	84
NOUN	versprechen	127538	85
VERB	halten	3950708	85	248	273	303	396	408	438	557	731	760	845	933	1003	1761	1857	1871
NOUN	junge	765038	85	334	811	916	1225	1642	1783
NOUN	alte	208414	85	916	1225	1642
NOUN	wein	626901	87	87	306	451	779	1297	1297	1710
NOUN	bier	502432	87	87	1297	1297
NOUN	wissen	1212582	88	358	358	1162	1231	1793
NOUN	macht	942176	88	441	1231	1577	1793
NOUN	tee	289227	89
VERB	trinken	384275	89	567	887	1745
NOUN	welt	4819523	90	180	291	292	390	441	589	649	650	1130	1323	1375	1458	1588	1855	1880	1946	1947
VERB	streben	129118	90
VERB	erwerben	260602	90
VERB	legen	1781463	90	367	762	1769
VERB	sterben	737062	90	154	255	533	549	828	831	901	936	962	1120
NOUN	sünde	209711	91	510	726
VERB	führen	3252919	92	1688	1815
VERB	gewinnen	1127115	94	375	780	797	807	1215	1452	1973	1980
VERB	verlieren	974852	94	340	590	816	1054	1054	1054	1054	1054	1054	1314	1360	1386	1386	1572
NOUN	falle	646430	97	915
NOUN	fuchs	95696	98
NOUN	list	66689	98
NOUN	jungfrau	85649	101
NOUN	mitternacht	96903	101
NOUN	frau	6534440	101	212	252	326	329	456	540	618	657	747	815	950	1113	1359	1407	1639
NOUN	morgenrot	4921	101	1298
VERB	heißen	3902138	103	533	676
VERB	leben	2261877	103	230	469	520	533	759	896	1116	1343	1563	1563	1564	1564	1692	1732	1892
VERB	klingen	1003554	103	288	1166
VERB	geben	23949203	104	228	279	291	325	354	354	355	383	489	664	700	700	776	794	880	932	932	1085	1139	1171	1176	1176	1337	1378	1378	1391	1435	1472	1472	1481	1536	1568	1712	1726	1762	1762	1813
NOUN	ei	446512	104	168	367	762	1142	1195	1310	1311
VERB	nehmen	5105441	104	180	279	401	542	546	632	846	874	1102	1193	1349	1712	1726	1753
NOUN	bauer	334458	104	236	271	304	463	685	707	713	1332	1357	1519	1700	1956
NOUN	tat	756253	105	247	669	826	866	1057	1149	1150	1151	1152	1372	1787
VERB	erkennen	1173944	105	231	917	918	1264	1825
NOUN	mutter	1869573	107	678	1226	1230	1428	1955
NOUN	tochter	920445	107	1226	1352
NOUN	appetit	72684	108	197	1842
VERB	adeln	5895	109
VERB	schließen	1015927	110	1272	1899
NOUN	arzt	1530549	110	200	235	270	306	319	843	847	922	967	1272	1795
NOUN	türe	903137	110	1272
VERB	bauen	767761	112	609	741	760	791	1197	1201	1235	1235	1322
NOUN	tropfen	152248	113	630	1148	1940
VERB	mischen	158661	113	1216
NOUN	malz	12503	113	394	1500
NOUN	hopfen	22079	113	1500
ADJ	hoch	5555271	114	144	580	675	1141	1316	1517	1695
NOUN	thron	76722	114
VERB	sitzen	1545982	114	622	634	652	712	721	748	767	815	1302	1727	1749	1972
ADJ	eigen	7088476	114	148	229	235	287	317	760	879	900	979	982	1071	1079	1339	1390	1436	1514	1534
NOUN	hintern	80879	114	472
VERB	brauchen	4333103	115	753	776	1460	1487	1531	1594	1769	1969
ADJ	blind	141212	116	160	310	948	1300	1392	1393	1828
VERB	finden	14307446	116	117	310	341	362	382	409	536	764	820	1047	1099	1379	1380	1392	1393	1649	1772	1773	1828	1896	1898
NOUN	korn	109043	116	310	1163	1392	1393	1682	1828
ADJ	stark	2681215	117	1446
NOUN	stier	50870	117
VERB	lernen	1162302	118	119	120	121	122	416	554	555	567	582	683	683	1038	1203	1282	1814	1913	1958	1958
VERB	reiten	137764	118	126
NOUN	pfanne	105732	119
VERB	kochen	183929	119	260	368	587	1870
NOUN	fahren	121167	120
NOUN	schiff	783501	121	868	997	1249	1336	1853
VERB	segeln	44810	121
NOUN	kanzel	28686	123
NOUN	mönch	153820	123	1119	1188
ADJ	schief	170547	125	125	150
NOUN	topf	207369	125	320	362	383	483	1278	1898
VERB	gehören	4357118	125	506	924	1276	1278	1323	1549
NOUN	deckel	163355	125	362	383	483	1278	1898
ADJ	fremd	518249	126	134	148	288
NOUN	arsch	146668	126	132
NOUN	regen	417744	127	1167	1279
VERB	folgen	1839528	127	456	826	1151	1237	1279
NOUN	sonnenschein	153380	127
NOUN	schaden	964044	129	607	753	927	1384	1523	1969
NOUN	esel	72171	130	203	424	720	724	1394	1395	1582	1723	1724	1725	1728
NOUN	reitpferd	7933	130
VERB	zäumen	1482	130	544
VERB	wollen	16913697	130	198	781	798	812	1208	1252	1756	1813
NOUN	sinn	2516488	131	886	928	1831	1905
ADJ	verzagt	1264	132
VERB	fahren	2503926	132	153	732	765	1249	1746	1764
ADJ	fröhlich	142872	132	837	1017	1423
NOUN	furz	8811	132
NOUN	brusttuch	232	133
NOUN	leder	181414	134
NOUN	riemen	33082	134
VERB	schneiden	285930	134	1727
VERB	schlüpfen	58756	135
NOUN	angeber	7032	136
NOUN	höhle	194182	138
NOUN	löwe	199284	138	1264
VERB	heulen	47588	139	723	774	1915
NOUN	hand	3247672	142	147	297	330	401	535	675	940	946	1110	1290	1346	1415	1443	1460	1543	1589	1590	1685	1695	1712	1726	1862	1909
NOUN	arroganz	48135	144
NOUN	neider	10743	145	232	730
NOUN	mitleid	87891	145
NOUN	bäcker	76116	146
NOUN	doktor	2739757	146	303	1327
NOUN	spatz	34139	147	297	946	1290	1346	1415	1909
NOUN	taube	83552	147	297	946	1290	1346	1415	1421	1909
NOUN	dach	492520	147	297	603	654	946	1290	1346	1415	1676	1909
NOUN	schrecken	114119	149	149	531	531	1096	1096	1910	1910
NOUN	nase	487724	150	1784	1938
NOUN	arznei	26635	152	993
NOUN	auto	2213871	153
NOUN	fuß	1152291	153	616	741	798	1195	1327
NOUN	aberglaube	32654	157
NOUN	betrunkene	9328	158	159
VERB	schaden	245457	160	1170	1300
NOUN	sorge	320459	161	162	509	509	607	628	1145	1301	1349	1525	1553	1553	1626	1647	1648	1771	1939
VERB	abgeben	254840	162
NOUN	kopfschmerz	126854	162
VERB	liegen	7474917	163	164	261	451	457	462	680	810	818	952	1155	1265	1313	1316	1437	1510	1790	1792	1814	1854	1890	1935
NOUN	hase	167601	163	440	663	709	859	1030	1221	1686	1687
NOUN	pfeffer	149771	163
VERB	begraben	67865	164	952	1742
NOUN	weizen	66663	165
NOUN	boden	1344865	165	475	848	865	1490
NOUN	fenster	882717	166	1794
NOUN	seele	766204	166	247	845	1871
NOUN	denken	447553	167	1307
VERB	überlassen	187400	167	1307
NOUN	kopf	1900884	167	190	204	320	414	538	583	693	897	976	1307	1327	1333	1705
NOUN	henne	62847	168	175	1310	1311
NOUN	gerücht	246098	169	393	1039	1802
NOUN	hemd	116782	170	182	1315	1318
NOUN	rock	428172	170	1178
NOUN	bade	37	171	961
VERB	ausschütten	22454	171	961
NOUN	pizzastück	123	172
NOUN	rad	532871	173	181
VERB	quietschen	13522	173
VERB	bekommen	4574676	173	763	1221	1274
NOUN	fett	231339	173
NOUN	wunder	451927	174	353
NOUN	glauben	46	174
NOUN	ponyhof	6819	176	1839
NOUN	wunschkonzert	5829	177
NOUN	zuckerschlecken	6766	178
NOUN	schicksal	380179	179	448
VERB	bestimmen	486490	179	448	1740
NOUN	tod	1441157	180	244	386	455	646	663	828	831	1240	1320	1324	1395	1418	1446	1517	1610	1611	1668	1669	1686	1687	1945
NOUN	teufel	282948	180	199	218	219	233	461	533	722	725	728	772	970	991	1139	1188	1191	1235	1249	1326	1345	1347	1348	1726	1840	1846	1889	1964	1965	1966
NOUN	wagen	570637	181	522	996
NOUN	tasche	431802	182	335	1318	1603
NOUN	kraut	188901	183	386
NOUN	hahn	94241	184	862	968	1555	1635	1717
VERB	drehen	716694	184	968	1495
NOUN	pöbel	16321	185
VERB	gleichen	248925	185	1545
VERB	geigen	1427	186
VERB	fehlen	1702221	187	373
NOUN	kranke	171376	187	263
VERB	schlagen	925771	188	201	865	892	1099	1373	1484	1582	1615
NOUN	stunde	1045802	188	224	1291	1810
NOUN	nagel	152809	190	1590
VERB	treffen	2061821	190	1743
NOUN	wald	975288	191	239	276	809	1005	1228	1229	1789	1982
NOUN	baum	812231	191	276	337	408	844	918	1005	1277	1305
VERB	sehen	9841110	191	231	232	232	539	682	692	819	953	1022	1027	1103	1104	1105	1218	1583	1590	1613	1689	1754	1755	1912
NOUN	bürge	5298	192	748
VERB	würgen	13227	192
NOUN	sein	113086	193
NOUN	schlaf	250047	193	610
NOUN	adler	67710	195	820
VERB	fangen	825398	195	238	269	324	452	564	566	740	859	934	1030	1111	1137	1199	1333	1413	1844	1917
NOUN	mücke	55150	195	930	1058
NOUN	apfel	217793	196	303	973	1841
VERB	fallen	1331718	196	366	453	468	545	673	744	822	900	902	960	973	1200	1277	1432	1433	1439	1580	1658	1731	1747	1748	1841	1968	1984
NOUN	stamm	203470	196	973	1841
NOUN	essen	1015646	197	209	889	1601	1842
NOUN	april	1408487	198	1329	1622	1827	1827
NOUN	argwohn	8719	199
ADJ	gleich	3705917	199	1411	1473	1473
NOUN	schüssel	97756	199
NOUN	wegweiser	56811	200
NOUN	himmelreich	19931	200	241	992	1354
NOUN	bratwurst	37275	201	1356
NOUN	lüge	95740	201	268	534	906	1098	1911
NOUN	dreck	161318	202
NOUN	besen	33047	202	581	1121	1437	1681	1923
VERB	nennen	1223168	203	647
NOUN	fisch	610373	204	304	699	976	1001	1126	1333	1843
VERB	stinken	81970	204	288	391	921	976	1008	1333	1457	1881
NOUN	frosch	81804	205	1563
VERB	springen	577468	205	314	1234	1324	1325	1326	1402
NOUN	pfuhl	2860	205
NOUN	stuhl	276213	205
VERB	wissen	8136733	206	606	783	910	978	1173	1581	1581	1702	1759	1760	1827
NOUN	glaube	852426	207	1334	1798
NOUN	berg	650340	207	708	708	1184	1184	1334	1716	1716
VERB	versetzen	144118	207	1334
VERB	verschlingen	33742	208
NOUN	knochen	207601	210	210
NOUN	krug	28495	211	1845
NOUN	brunnen	135799	211	468	1845
NOUN	magen	183467	212	527	1899	1906	1908
NOUN	sau	103809	212	215	667
NOUN	inhalt	2476455	212
VERB	bleiben	5550226	212	296	410	454	726	778	779	964	1069	1185	1299	1367	1382	1555	1635	1717	1752	1753	1754	1766
VERB	lenken	120888	213	981	1025	1341	1342
NOUN	reiter	216915	214	296	296	544	1186
VERB	dulden	33960	214
VERB	loben	164426	214	277	552	553	1103	1106	1303	1463	1535	1575	1916
NOUN	tintenfass	2024	214
NOUN	ruf	345688	215	469	1892
NOUN	schnee	391207	216
NOUN	matsch	22692	216
NOUN	schuster	45149	217	984
VERB	tragen	1873598	217	484	871	1031	1072	1344	1359	1395
NOUN	schuh	502464	217	984	1083	1202	1666	1667	1711
NOUN	eichhörnchen	25496	218	574	1846	1920
VERB	scheißen	202346	219	1347
NOUN	haufen	61	219	1165	1347
NOUN	ton	568778	220	986	1847
NOUN	musik	2167241	220	986	1739	1740	1847
NOUN	hölle	201483	221	987	1345	1351
NOUN	wunsch	1505196	222	1180	1352
NOUN	vater	1796942	222	804	852	852	1183	1224	1338	1352	1781	1782
NOUN	zweck	890440	223	1849
VERB	heiligen	14829	223	1849
NOUN	mittel	923281	223	931	1849
NOUN	angler	67108	224
VERB	warten	1243078	224	254	1202	1810
NOUN	ekel	23744	226
NOUN	kerl	230000	227	972
VERB	erfinden	163099	227
NOUN	lauscher	5322	229	1339
NOUN	wand	701003	229	579	722	970	979	1339	1374	1840
VERB	hören	1895584	229	979	1212	1218	1339	1441	1738	1751
NOUN	spiegel	399057	231	294
NOUN	beet	43568	232
NOUN	spaten	15152	232
VERB	düngen	12521	233
NOUN	prediger	42816	234
VERB	ernten	58364	236	271	733	1750	1774	1974
NOUN	kartoffel	186106	236	271	1332	1357	1933	1933
NOUN	eindruck	1133949	237
VERB	zählen	1181273	237
ADJ	früh	1332144	238	1418	1844
NOUN	vogel	525611	238	1302	1436	1844
NOUN	wurm	117603	238	748	1248	1844
NOUN	strauch	70134	239	1155
VERB	fürchten	228474	239	828	971
ADJ	lieb	2236018	240	637	990	1235
VERB	schenken	265307	240	1908
NOUN	eile	42324	240	289	1009	1858
NOUN	wille	595660	241	412	702	751	821	992	1057	1354	1983
NOUN	möbelstück	22491	242
ADJ	lang	3554426	242	516	772	991	1560	1561	1562	1814	1905
NOUN	bank	1282472	242	365
NOUN	leid	253097	243	399	399	1036	1036	1092	1353	1470	1470	1478
NOUN	absicht	336979	247
NOUN	ameise	45132	248
NOUN	axt	44275	249	1850
NOUN	haus	4575120	249	427	456	470	555	711	760	934	966	1021	1067	1314	1359	1493	1588	1794	1850	1893	1963
VERB	ersparen	78450	249	524	1245	1409	1567	1850
NOUN	zimmermann	90530	249	269	1850
NOUN	bibel	340027	250
NOUN	ehe	348957	251	759
NOUN	hafen	364564	251	251	450
NOUN	sturm	227041	251	251	450	726	733	1066	1974
NOUN	mann	4288435	252	307	326	329	335	444	456	617	878	963	1043	1043	1140	1330	1359	1407	1638	1784	1860	1938
NOUN	visitenkarte	63458	252
VERB	lehren	170580	253	765	916	1369	1608
NOUN	schwan	42551	253
NOUN	hälfte	932107	254
VERB	aufhören	129409	257	719	1187
NOUN	nacht	1595580	258	460	553	588	746	995	1243	1287	1366	1512
NOUN	schwein	234602	259	764	1216
NOUN	schinken	47299	259	734
NOUN	suppe	125431	260	306	381	547	749	1741
NOUN	mitte	1280497	261	459
VERB	heilen	81572	262	766	1049	1169	1241	1367	1377	1809
NOUN	wunde	185523	262	942	1241	1367	1377	1809
ADJ	ungleich	54111	263
VERB	treten	1680265	264	1206	1248
NOUN	treppe	230743	264
NOUN	krume	2932	265
NOUN	rind	119878	265
NOUN	lage	1601353	266
NOUN	letzter	231	267	994	1328	1852
NOUN	erster	229	267	994	1320	1852
NOUN	woche	4959347	269	1650
VERB	sprechen	2587602	269	409	410	656	710	721	725	758	827	1152	1729	1802	1964	1965	1966	1971
NOUN	dienst	1049574	272	272	1856	1856
NOUN	schnaps	37535	272	272	1856	1856
VERB	nähen	91197	273	1003
NOUN	luchs	17286	274
NOUN	maulwurf	21939	274
NOUN	fleisch	482453	278	699	1073
VERB	missbrauchen	87046	280
NOUN	natur	1334662	281	602	1100	1118
NOUN	kunstprodukt	2723	281
NOUN	weh	9499	282
NOUN	strafe	293743	283	1951
NOUN	stolz	145206	285	1383
VERB	wachsen	709448	285	386	408	604	607	844	962	1238	1238	1383
NOUN	holz	650832	285	1085	1383
NOUN	dürftigkeit	1341	286
ADJ	froh	590887	286	1270	1396
NOUN	mut	439989	286	1054	1194
NOUN	gut	480035	286	954	1396	1466	1572	1675	1744
NOUN	lob	281820	288	288
VERB	hinken	46207	288	567
NOUN	fremder	10	290
NOUN	sprache	1469617	292
NOUN	hühnerleiter	1244	293
NOUN	politur	10987	294
VERB	fragen	2704361	295	363	792	793	794	1408	1776
VERB	beantworten	369298	295	1408
NOUN	unglück	121654	298	299	406	963	1015	1475	1507	1672	1861
NOUN	volk	1104205	300	814
NOUN	waffe	694250	300	825
VERB	entstehen	1813979	301
NOUN	advokat	7464	302	304	967
NOUN	wagenrad	2151	302
VERB	schmieren	26164	302	350	765	1746
NOUN	brand	174398	305
VERB	brennen	253482	305	372	1014	1097	1466
NOUN	taler	33154	306	752	1255	1737
VERB	entziehen	94215	306
VERB	fühlen	1464265	307	894	1212	1578	1751
NOUN	streichholz	16047	309
NOUN	angesicht	61346	311
VERB	scheuen	81781	312	1034	1198	1397	1877
NOUN	gewissen	238325	313	322	358	358	965	1400	1485
ADJ	sanft	176945	313	322	1400
NOUN	ruhekissen	1500	313	322	1400
NOUN	turnierpferd	2068	314
NOUN	christ	393153	315	419	445
ADJ	ganz	11787214	315	401	1410	1589	1712	1726
NOUN	mist	267094	315	1192	1555	1635	1717
NOUN	tür	279483	317	879	1079	1534
NOUN	art	21044	318
ADJ	leer	407162	320	320	522	1089	1406	1603
ADJ	leicht	2818067	321
NOUN	schlag	350397	321	1931
NOUN	hinterkopf	62606	321
VERB	erhöhen	379996	321
NOUN	denkvermögen	6800	321
ADJ	rein	879373	322
NOUN	stein	612532	323	560	630	767	863	929	1148	1209	1749	1940	1972
VERB	setzen	3112745	323	1141
NOUN	moos	51432	323
ADJ	schlecht	2005213	325	354	419	612	613	943	1436	1633
NOUN	theologiestudent	2524	325
NOUN	jurist	121185	325	419
ADJ	treu	172803	326
ADJ	brav	115982	326	1330
ADJ	voll	1715293	327	837	1419
NOUN	bauch	335472	327	532	665	837	1406	1419
VERB	studieren	284533	327	600	665	1406	1419
ADJ	witzig	190397	328
NOUN	einfall	50263	328
VERB	wirken	1569252	328	1372
ADJ	hitzig	21660	328
NOUN	ausfall	162644	328
NOUN	dame	780425	329
NOUN	anwesenheit	125553	329
NOUN	folge	2076185	329
VERB	benehmen	50897	329
NOUN	krähe	12517	331	1422
VERB	hacken	49788	331	1422
NOUN	kuh	269092	332	332	334	554	857	867	1207
NOUN	mühe	400230	332
NOUN	schwalbe	37351	333	1018	1863
NOUN	kalb	54690	334	857	1207
NOUN	meise	13238	334
VERB	brüten	22205	334
ADJ	nackt	115455	335
VERB	greifen	694914	335	373	975
NOUN	gaul	16862	336	1865
VERB	schauen	1696685	336	609	1865
NOUN	maul	99346	336	749	1381	1421	1864	1865
VERB	verpflanzen	4296	337
VERB	spinnen	69625	338	1704
VERB	zahlen	619318	339	490
VERB	schreien	256861	340	1635
NOUN	einsicht	197265	343	1426
VERB	regnen	112635	345	538
VERB	läuten	35428	345
NOUN	glocke	102151	345
NOUN	sonntag	1250748	345	1256	1704	1778
VERB	gönnen	127198	346	1345
NOUN	schwarze	110046	346
NOUN	vergnügen	168544	347	1429	1430
NOUN	fressen	806	348
NOUN	moral	161085	348
VERB	schmeicheln	11948	349
VERB	kratzen	56811	349	1542
VERB	schicken	592335	349
VERB	privatisieren	13776	350
VERB	frieren	48914	352	1317
NOUN	säufer	6935	352	567
VERB	geschehen	711997	353	1434
NOUN	wetter	906173	354	1317	1555	1635	1717
ADJ	falsch	1215806	354	1064	1572
NOUN	kleidung	334291	354
NOUN	wurst	119597	356	463	734	874	1509	1513	1819
NOUN	jacke	152903	357	701
NOUN	hose	329798	357	763	1315
ADJ	albern	46545	360
NOUN	schaf	199612	360	488	988	1410	1770
NOUN	wolf	237803	360	988	1770
VERB	beichten	7295	360
NOUN	staat	1755292	361	1872
VERB	entschuldigen	142947	363	1767
NOUN	erlaubnis	146054	363
NOUN	tisch	770847	365	470	579	711	1893	1963
VERB	hüpfen	48037	365
NOUN	himmel	822422	366	408	802	844	900	1185	1439
VERB	gackern	2451	367
NOUN	stätte	65035	369
NOUN	wind	634548	373	726	733	763	1974
NOUN	ruder	56405	373
VERB	wagen	277106	375	595	780	797	891	1026	1215	1431	1452	1973
VERB	reuen	5572	377	885	1539
VERB	üben	275531	378	1873	1874
NOUN	zucht	124713	379
NOUN	frucht	336023	379	1158	1267
NOUN	minute	3069798	380	1291	1416
NOUN	pünktlichkeit	16358	380	1930
NOUN	tu	122925	381
ADJ	passend	912523	383
NOUN	freundschaft	306844	384	508	1552
NOUN	gegensatz	805734	387	1879
NOUN	fürst	144172	388
VERB	rufen	989840	388	809
VERB	regieren	74698	390	633	1880
NOUN	gerste	21828	394
NOUN	umkehr	32938	395
NOUN	freude	1052759	397	397	608	677	1045	1045	1467	1467	1469	1469	1694	1750
ADJ	doppelt	288160	397	1045	1467	1469
NOUN	pudding	18914	398	398	1468	1468
VERB	bellen	43589	400	980	1362	1363	1471
NOUN	finger	523328	401	466	789	1712	1726
VERB	lecken	29246	403	1198
VERB	gesellen	55635	404	1883
NOUN	dauer	557009	405
VERB	bestrafen	127392	407	510	799
VERB	werden	107250571	409	410	454
NOUN	schalter	185750	409
NOUN	mühle	146474	413	1480
VERB	mahlen	12851	413	800	1219	1250	1480	1975
ADJ	grau	249016	414
ADJ	blond	79449	414
VERB	passen	1701437	414	695	701	1178	1711
NOUN	klappe	82273	415	505	1901
VERB	lesen	1897421	416	543	1052
NOUN	note	356739	416
VERB	stolpern	55499	417
NOUN	weib	103127	417	779	963	1710
VERB	holpern	7333	417
VERB	kauen	23436	418	1886
VERB	verdauen	19132	418	1886
NOUN	rat	696488	420	866	884	1297	1904
ADJ	hart	641996	422	1491	1598
NOUN	schale	128973	422	1491	1515	1516	1522
ADJ	weich	265385	422	1491	1516
NOUN	kern	304852	422	1205	1304	1491	1515	1516	1522
NOUN	heirat	54769	428
NOUN	pfeife	33341	428	1727
NOUN	herzlosigkeit	905	431
NOUN	herzfehler	13191	431
VERB	helfen	2222856	432	433	662	819	958	1179	1303	1321	1382	1713	1755
ADJ	deutsch	7281441	434	1281
NOUN	vaterunser	9084	434
NOUN	offizier	131956	437
NOUN	holzauge	797	439
NOUN	pracht	50288	441	1371
NOUN	witz	281988	441	742
NOUN	reich	410784	441
NOUN	gelaber	16840	442
NOUN	zorn	87030	444	1086
VERB	lächeln	205824	444	837
NOUN	becher	79199	446	1065	1504
VERB	ersaufen	1489	446	1065
NOUN	krieg	1319655	447	458	648	728	1338	1511	1613	1838
NOUN	loch	425424	447	789
NOUN	bunker	51670	447
VERB	munkeln	11922	452	1506
NOUN	floh	38339	452	773	1769
NOUN	affe	104769	454	454	472	1662	1901
NOUN	könig	557976	454	464	616	653	1156	1455	1557	1930	1949
NOUN	gefahr	1136801	455	926	1517	1768
NOUN	not	406415	455	461	463	464	465	591	730	1298	1320	1369	1446	1447	1509	1513	1517	1607	1608	1609	1644	1719	1798	1889	1925
NOUN	mittelweg	17566	455	1517
VERB	herrschen	485153	456	1153
NOUN	schritt	1637658	456	619	889	1426	1530	1601	1636	1636
NOUN	kürze	180262	457	1510
NOUN	würze	21814	457	1510
VERB	erlauben	666668	458	1511	1867
NOUN	ruhe	868255	462	1627	1890
NOUN	kraft	1769192	462	1890
VERB	schmecken	318926	465	719	1158	1509	1513	1759
NOUN	faust	133663	466	805	893
VERB	abdecken	89168	468
VERB	ruinieren	24944	469	1892
VERB	tanzen	171739	470	711	720	1725	1893	1963
NOUN	maus	376578	470	566	711	864	1893	1917	1963
VERB	füllen	266869	471	1521
NOUN	kammer	166690	471	1521
VERB	steigen	1100873	472	1747	1748
VERB	zeigen	4947281	472	1508	1778
NOUN	flasche	346304	473
NOUN	gift	119511	473
NOUN	gesetz	1316198	474	1133
NOUN	feind	370584	475	626	658	923	937	954	1010	1041	1306	1322	1448	1594	1680
NOUN	gerade	29193	476
NOUN	gast	1875420	477	1021	1527	1650	1658	1683
NOUN	ausbildung	1180975	478
NOUN	bock	130932	479	1023
NOUN	horn	85893	479
NOUN	münze	156152	480
NOUN	seite	7836093	480	486	1119
NOUN	tierchen	37871	481	1895
NOUN	lkw-fahrer	6907	482
NOUN	handwerk	249573	487	506	848	1490	1549
VERB	verlangen	413942	487
VERB	hoffen	2191969	488
NOUN	käufer	366271	490
VERB	achten	444702	491	645
VERB	vormachen	16823	494	620
VERB	bereuen	49987	496
NOUN	rauch	72717	498	904	1232	1544	1986
NOUN	kette	242121	499
NOUN	glied	89964	499	1182	1269	1777
NOUN	rose	190384	500	559	834	834	1350	1546
NOUN	dorn	49494	500	559	834	834	1546
NOUN	antwort	1712218	501	501
NOUN	klappern	88	506	1549
NOUN	geschenk	515622	508	1041	1465	1552
VERB	erhalten	2992564	508	1552
VERB	reden	695523	511	519	519	643	888	909	1067
NOUN	lachen	4274	515	849	917	1559
NOUN	brücke	496754	515	1322	1446	1459
NOUN	haar	789879	516	604	1561
ADJ	kurz	3010678	516	534	886	1098	1171	1561	1905	1911
NOUN	verstand	222498	516	700	748	953	1159	1176	1193	1561
NOUN	draht	110342	517
NOUN	naht	52658	517
NOUN	mädchen	1089264	518	1284	1560	1562
NOUN	beispiel	3819510	521	939	1633
VERB	erklären	1570463	521
ADJ	tot	431646	521	1126	1652
NOUN	regel	1330389	521	908	1833
VERB	klappern	24925	522
NOUN	lehrjahre	47	523	1566
VERB	lieben	1195576	524	645	696	779	1046	1211	1567	1568	1959	1960
VERB	leiden	541330	525	788	1040	1765
VERB	klagen	131678	525	1767
NOUN	lesen	17606	526
VERB	gefährden	158337	526
VERB	bestehen	3209523	529	1569	1936
ADJ	dick	610671	532	897	1308	1309
ADJ	krumm	26212	532	775	1403
NOUN	buckel	34363	532
NOUN	rechnung	713328	533
NOUN	bein	742001	534	693	861	1073	1098	1705	1911
VERB	füttern	72279	535	666
NOUN	tropf	12158	536
VERB	glauben	3298627	537	742	758	1174	1971	1977
NOUN	ohr	634914	537	1084	1113	1113	1374	1411
NOUN	apotheke	212074	539
VERB	kotzen	45335	539	1912
NOUN	laus	19380	542	712
NOUN	zeile	434974	543
NOUN	fest	466905	545	1580	1650
VERB	feiern	614023	545	1580
VERB	auslöffeln	2570	547	1706	1741
VERB	einbrocken	6979	547	1706	1741
VERB	schlachten	23055	548
VERB	salzen	9386	548
NOUN	eisen	159256	550	560	957	1101	1607	1626	1632	1914
VERB	schmieden	19674	550	957	1101	1914
NOUN	fell	168020	551	1108	1584
NOUN	bär	177937	551	1108	1584
VERB	verteilen	365126	551
VERB	erlegen	12608	551	1108	1584
VERB	entfleuchen	366	557
NOUN	sperber	8230	557
VERB	reisen	291639	558	1130	1319
VERB	erreichen	1181425	559
NOUN	marmor	33295	560
NOUN	plätzchen	67435	560
VERB	ärgern	162748	561
NOUN	menschenfleisch	3040	562
VERB	peinigen	3778	562
NOUN	million	2670817	563
VERB	irren	103493	563	792
NOUN	geduld	261290	564	1035
NOUN	spucke	9607	564
NOUN	gewalt	749231	565
VERB	lupfen	1018	565
NOUN	geiß	7274	565
NOUN	lahme	3832	567
NOUN	gabel	69537	568
NOUN	löffel	52791	568	772	991
VERB	erwischen	183025	568
VERB	nähren	29157	574	1299	1920
NOUN	rathaus	316277	575	676	796
VERB	beschmieren	5953	579
NOUN	missgunst	11146	580
VERB	kehren	290113	581	879	1121	1923
NOUN	schule	2713865	582
VERB	schnacken	1142	583
NOUN	nacken	85442	583
NOUN	buße	30058	584
NOUN	zeitung	885156	586
VERB	verbieten	392462	588
NOUN	grund	3504767	589	650
NOUN	garten	934886	592	1612
NOUN	seemann	11020	593
VERB	stechen	88995	593
ADJ	rot	1184644	593	604
NOUN	meer	682756	593	1065	1125	1254	1504
NOUN	strom	704451	594	1126	1684
VERB	schwimmen	144887	594	707	1126	1843
NOUN	quelle	968605	594	754
NOUN	fleiß	42594	596	1443	1927
NOUN	preis	2937049	596	597	913	1927
NOUN	schweiß	69924	597
NOUN	pech	164818	598	599	1476	1617
NOUN	quantität	36570	601
NOUN	qualität	1591165	601
ADJ	rostig	13706	603
ADJ	feucht	144849	603
NOUN	keller	300336	603
NOUN	flecken	122598	604
VERB	weißen	575668	606
NOUN	schadenfreude	13316	608
NOUN	häusle	1299	609
NOUN	medizin	422440	610	849	1559
VERB	wecken	134742	611	1132
NOUN	umgang	782306	613
NOUN	sitte	91007	613	919	1133	1266	1633
NOUN	gesicht	1107363	614
NOUN	richter	335047	614	905	1071	1411	1514	1799	1800	1985
NOUN	klo	85463	616
NOUN	selbsterkenntnis	17277	619
VERB	besiegen	75740	621
NOUN	sieg	958288	621	1486
VERB	wackeln	42881	622
NOUN	luft	1082200	622	1692
NOUN	falke	34691	623
VERB	beizen	3614	623
VERB	schießen	336848	625	1641	1743
NOUN	preuße	29963	625	1641
NOUN	schutz	909208	626
NOUN	mittag	195851	627	1455
NOUN	kummer	37571	628	1647	1648	1939
NOUN	stadtluft	1224	629
ADJ	stet	35588	630	1148	1940
NOUN	stille	158096	631
NOUN	regiment	58416	632
ADJ	streng	230000	633
NOUN	säge	20104	634
NOUN	ast	122974	634	1302
NOUN	tritt	77750	639
NOUN	wange	100844	640	1595	1629	1657
NOUN	traum	784660	641	1654
NOUN	schaum	45411	641	1654
VERB	passieren	886599	644
NOUN	geldbeutel	81407	647
VERB	abhängen	87105	647
NOUN	frieden	512458	648
ADJ	gerecht	141012	648
NOUN	undank	4180	649	1946	1947
NOUN	lohn	282667	649	1223	1787	1946	1947
NOUN	blinde	59143	653	1156	1949
NOUN	wiege	40018	656	670	671
NOUN	geheimnis	367458	657
NOUN	schneid	9135	657
NOUN	zunge	158698	657	1344
NOUN	geschrei	39135	659	1952
NOUN	wolle	56407	659	1952
NOUN	lärm	142097	660
NOUN	brei	44053	661	829	1811	1953
NOUN	jäger	201119	663	1687
NOUN	wort	3239904	669	825	826	939	964	1149	1150	1154	1237	1372	1407	1859	1860
ADJ	weit	8455584	669
NOUN	bahre	6130	670	671
NOUN	formular	263401	670	670
ADJ	fest	733461	671
NOUN	gewohnheit	102635	671
NOUN	museum	733751	672	1954
NOUN	bruder	876014	673	1130	1473	1671
NOUN	gericht	894327	674	675	795	1586	1604	1695
NOUN	see	748969	675	1695
NOUN	vorfreude	77887	677	1694
NOUN	vorsicht	264042	678	1697	1955
NOUN	porzellankiste	1179	678	1955
NOUN	dialekt	68958	679
NOUN	adel	61975	680	842
NOUN	warten	11024	681
NOUN	gicht	13188	682
NOUN	eule	40610	684	1031
NOUN	nachtigall	17292	684
VERB	umbringen	57028	686
VERB	besorgen	141385	687	1814	1957
VERB	verschieben	189380	687	1293	1957
VERB	jucken	47309	689	1714
ADJ	stolz	411574	689
NOUN	eber	17951	689
VERB	reiben	67620	689
VERB	währen	118650	690	869	1007	1388	1703
VERB	anbieten	888737	691
VERB	annehmen	471447	691	776
VERB	malen	161581	692	722	970	1840
VERB	blühen	115651	694
VERB	necken	5413	696	1959	1960
NOUN	fiskus	18312	697
NOUN	amt	700412	700	1176
VERB	anziehen	99540	701	1178
NOUN	stechen	21089	702
NOUN	grill	101197	702	740	740
VERB	streiten	130896	704	1661	1662	1663	1730
VERB	freuen	2185399	704	885	1371	1449	1730
NOUN	bürgermeister	584603	705
NOUN	wörtchen	24414	706	1183
NOUN	millionär	41947	706
NOUN	badehose	15392	707
NOUN	prophet	175635	708	708	1064	1184	1184	1716	1716	1981
NOUN	kuchen	238486	710
VERB	schweigen	112461	710	817	827	1218	1802
NOUN	krümel	25249	710	783	1760
VERB	herausbringen	30749	712
VERB	laufen	3246199	713	725	1365	1794
VERB	kaufen	1222665	714	1734	1734
NOUN	lichtlein	7655	715	1670
NOUN	ziel	3114990	716	1636	1848
NOUN	armer	39	717
VERB	verspeisen	12937	717
NOUN	prinzip	783051	718
NOUN	eis	312315	720	867	1723	1724	1725
VERB	tratschen	2010	724	1728
VERB	latschen	6884	724	1728
NOUN	liebste	71043	726
VERB	predigen	42552	728
NOUN	feldprediger	652	728
VERB	säen	20696	733	1750	1774	1974
NOUN	kreis	1120737	737
VERB	rennen	279535	738
VERB	drücken	641099	738	1083
NOUN	wallach	24365	739
VERB	jagen	129466	740	1221
NOUN	fluss	433061	741
VERB	rechnen	402216	741
NOUN	erbe	157936	742	1614	1675
VERB	berauben	31518	742
NOUN	grube	72191	743	744	1200	1731	1968
VERB	graben	53903	743	744	1200	1204	1263	1731	1968
VERB	angeben	302511	745
VERB	heiraten	142828	746
ADJ	übel	209481	746
NOUN	gunst	150069	747
NOUN	keuschheit	7037	747
VERB	rühmen	20686	747
VERB	borgen	4242	748
NOUN	pfand	22385	748
VERB	verbrennen	76858	749
VERB	blasen	79164	749	768
VERB	mögen	8585229	750
VERB	werfen	671871	751	767	1109	1403	1482	1483	1749	1972
NOUN	sattel	128307	751
NOUN	pfennig	43997	752	1737
NOUN	spott	35915	753	1969
VERB	sorgen	1491813	753	764	1969
VERB	wehren	143030	754
VERB	verstopfen	17662	754
NOUN	wahl	1443398	755	1970
NOUN	qual	96463	755	1970
VERB	drohen	422715	756
NOUN	ader	52870	757
VERB	verbinden	628212	757	1381	1864
VERB	lügen	97429	758	761	959	1505	1653	1971
VERB	entbehren	20574	759	1745
VERB	dienen	1242019	760	1605
VERB	flüstern	77926	761
VERB	pissen	7062	763
NOUN	gemüse	297283	764
NOUN	ratsherr	15742	765
NOUN	glashaus	15000	767	1209	1749	1972
VERB	stieben	3346	768
NOUN	funke	51051	768
VERB	reißen	261359	770
NOUN	bart	83645	770	900
VERB	betrügen	48600	771	771
VERB	frühstücken	22308	772
NOUN	bett	673397	773	1227	1399
VERB	stehen	11922586	773	861	878	1089	1185	1581	1797	1797
VERB	essen	505542	774	887	991	1205	1752	1805
VERB	pflügen	5450	775
NOUN	furche	4695	775
VERB	anfangen	465997	777	784	1744
NOUN	gesang	258554	779	1710
NOUN	wirt	102169	782	1757	1758	1908
VERB	pieken	682	783	1760
VERB	rasten	14882	785	1763
VERB	schlafen	365377	786	1181	1227	1769	1794
VERB	sündigen	8863	786
VERB	stecken	788746	789	1080	1348	1410	1515	1516
NOUN	bitten	310	790
VERB	wärmen	40335	791
NOUN	ofen	144781	791	815
ADJ	heil	58083	795
NOUN	haut	789474	795
VERB	jauchzen	5683	795
NOUN	sitz	484215	798
VERB	lachen	357673	801	801	1189	1220	1220	1976	1976
VERB	bespucken	1908	802
NOUN	lied	877257	803	823	1978
NOUN	sohn	1320054	804	1224	1782
VERB	aussehen	718223	808
VERB	ansehen	401283	808
VERB	schallen	23575	809	1228	1229	1789	1982
VERB	betten	11504	810	1790
VERB	gelten	3800704	813	1057	1190	1405	1801
VERB	schüren	22178	815
NOUN	kaiser	201675	816	1144
NOUN	dünkel	3828	818
VERB	hobeln	4259	822	1984
NOUN	span	18502	822	902	1984
NOUN	schatten	386447	824	1403	1482	1483	1806	1807
ADJ	tödlich	125985	825
VERB	abschneiden	77687	833
NOUN	milch	323890	835	836
VERB	jammern	41891	835	1824
VERB	weinen	127107	836
NOUN	haupt	99279	837	1182	1777
NOUN	übermut	11127	838	840	1665
NOUN	nachsatz	8874	839
NOUN	herrgott	13620	843
NOUN	leib	249592	845	1056	1116	1871
VERB	genesen	8264	847
VERB	kassieren	74821	847
ADJ	golden	359427	848	1322	1490
NOUN	organisation	1024589	850
NOUN	rache	103773	851	1620	1621
NOUN	mai	1705950	856	1519	1622
NOUN	leine	109248	859
NOUN	faulenzen	4558	860
NOUN	hungersnot	23681	860
NOUN	misthaufen	102	862
NOUN	schotter	28539	863
NOUN	faden	180054	864
NOUN	fass	96183	865	1519
NOUN	ratte	120890	868	997	1853
VERB	verlassen	576448	868	997	1853
ADJ	sinkend	64980	868	997	1336	1853
NOUN	satz	1541538	870
NOUN	last	374014	871	1658
NOUN	schlachter	13929	874
VERB	verkehren	71825	875
VERB	krümmen	10780	876	1248	1454
NOUN	haken	136747	876
ADJ	angesehen	59990	878
NOUN	schandpfahl	391	878
VERB	spielen	3415639	882	1740
NOUN	kleinvieh	5039	883	1903
VERB	ruhen	173440	889
NOUN	pack	103435	892	892	1615	1615
VERB	vertragen	126248	892	1615
NOUN	tier	2137335	894	1619
NOUN	scherz	94116	894	1068	1187	1469	1619
NOUN	schmerz	696727	894	1045	1045	1095	1095	1469	1619
VERB	pochen	22414	897
NOUN	character	6743	897
NOUN	wahltag	14260	898
NOUN	zahltag	4275	898
VERB	erheiraten	95	899
VERB	erarbeiten	201179	899
VERB	speien	9097	900
NOUN	speichel	22827	900
VERB	hauen	189888	902	1168
NOUN	kläger	418628	905	1799	1800	1985
NOUN	versagen	67053	906
NOUN	erfolg	2244976	908
VERB	erzählen	1178630	908	1721
NOUN	verein	1867362	911	911
VERB	verachten	26657	923
ADJ	grob	229819	924	924	1276	1276	1481
NOUN	klotz	20416	924	1276
NOUN	keil	15418	924	1276	1401
NOUN	aufschub	12027	926
NOUN	öl	545809	929	1107	1246
VERB	pressen	50035	929
NOUN	elefant	103746	930
ADJ	außerordentlich	124462	931	931
NOUN	übel	90713	931	993	1239
VERB	erfordern	294685	931
NOUN	barmherzigkeit	44607	934
ADJ	offen	1149687	938
NOUN	kiste	259102	938
NOUN	gesellschaft	2068671	943
NOUN	ehre	239532	944	1054	1236	1238	1386	1387	1387	1404	1417
NOUN	schande	77503	944	1087	1131
NOUN	weiser	143	945
NOUN	herz	1697937	950	959	1033	1273	1344	1379	1379	1396	1568
VERB	buhlen	9462	950
NOUN	gras	174540	962
VERB	verhallen	5554	964
NOUN	schrift	523616	964	1191
ADJ	böse	454680	965
VERB	verraten	208640	965
NOUN	wäsche	110053	966
VERB	waschen	125712	966
VERB	verschweigen	40835	967
NOUN	trinker	10123	969	1541
NOUN	durst	71031	969
NOUN	amboss	7797	971
NOUN	hammer	197771	971	1590
NOUN	antisemitismus	89171	972
NOUN	sozialismus	116784	972
ADJ	dumm	350900	972
NOUN	ente	87662	974
NOUN	strohhalm	17414	975
NOUN	karawane	17065	980	1362	1363
NOUN	schein	148689	983
VERB	trügen	16194	983
NOUN	kleinigkeit	157082	988
NOUN	bataillon	28599	990
VERB	spannen	490395	996	1743
NOUN	verteidigung	178218	998	1826
NOUN	angriff	680265	998	1826
NOUN	schwimmer	47199	1000
VERB	ertrinken	16968	1000	1053	1504
VERB	fressen	235866	1001	1216	1770
NOUN	kleine	409191	1001	1645	1735	1736
VERB	ändern	846790	1002	1100	1477	1555	1717
NOUN	völlerei	3437	1006
NOUN	schwert	228486	1006	1358
NOUN	eigenlob	4090	1008
NOUN	kiel	237529	1013
VERB	treiben	395227	1013	1401
NOUN	scheit	5266	1014
ADJ	gesund	636228	1017	1043	1396
NOUN	misstrauen	66302	1017
NOUN	paradies	151913	1019
NOUN	papst	314990	1022
VERB	melken	10404	1023
VERB	handeln	2152667	1024	1474
VERB	wägen	8765	1026	1431
NOUN	sonne	963672	1029	1086	1370	1434	1795
NOUN	trommel	31586	1030
NOUN	schlüssel	329053	1032
NOUN	galle	88740	1033
NOUN	honig	121678	1033	1111	1198
VERB	meinen	3747174	1041	1312	1582
NOUN	geschichte	3605978	1042
VERB	wiederholen	178737	1042
ADJ	reich	290091	1043
NOUN	gesundheit	828613	1044	1360
ADJ	gemacht	162369	1046
NOUN	farbe	1610353	1046
VERB	dauern	861737	1046	1416
NOUN	gemüt	89834	1048
NOUN	gebiss	36710	1051
VERB	bewahren	147314	1052
NOUN	büchlein	34480	1052
VERB	sinken	288270	1053
VERB	überlaufen	19712	1055
ADJ	täglich	964844	1056	1116
NOUN	wohlleben	3668	1056
VERB	fliegen	613141	1058	1302	1421
NOUN	hast	158734	1059
VERB	harren	24825	1062
VERB	jubeln	38290	1066
VERB	zagen	1080	1066
VERB	klopfen	84551	1068
NOUN	ernst	361131	1068
NOUN	furt	8062	1070
VERB	wechseln	521586	1070
NOUN	sache	3207478	1071	1514
VERB	streicheln	47318	1072
NOUN	kappe	31636	1075	1473	1532
VERB	zollen	20183	1078
NOUN	buch	3987861	1080
NOUN	bitte	1145307	1081
NOUN	kreuzer	20083	1082
NOUN	schweizer	468712	1082
NOUN	kessel	52519	1084
VERB	untergehen	40769	1086
NOUN	laufen	192984	1087
VERB	versprechen	450157	1090
NOUN	husten	54731	1093
VERB	verbergen	146115	1093
VERB	biegen	127608	1094	1305
NOUN	stecken	11912	1099	1403
NOUN	hirn	114161	1104	1105
NOUN	stirn	131935	1104	1105
VERB	gießen	85809	1107
VERB	verkaufen	597759	1108	1584
NOUN	perle	44769	1109
NOUN	fliegen	4006	1111
VERB	ausgeben	186316	1112
NOUN	rate	81291	1113	1128
NOUN	wohl	208966	1116
VERB	bedürfen	417043	1117	1196
NOUN	schelle	7286	1117
NOUN	lehre	393463	1118
NOUN	acht	72580	1119
VERB	hinterlassen	220359	1120
VERB	anbellen	1389	1122
VERB	vertrocknen	4373	1123
VERB	beklagen	92139	1125
NOUN	mal	2835139	1125
NOUN	schiffbruch	8891	1125
VERB	erleiden	113192	1125
NOUN	quatsch	106531	1127
NOUN	oper	182318	1127
NOUN	urteil	784904	1135
NOUN	reue	28371	1135
VERB	kümmern	388085	1142
NOUN	teil	5163186	1153
NOUN	werk	1607316	1154	1237
ADJ	blühend	72091	1155
ADJ	giftig	67411	1155
NOUN	schlange	178231	1155
VERB	verstecken	161583	1155
NOUN	schatz	256255	1157
NOUN	vertrauen	564583	1160	1160	1678	1679
VERB	erwecken	62193	1160
NOUN	kopfweh	10571	1162
NOUN	stroh	62650	1163	1682
NOUN	traufe	6320	1167
NOUN	block	287891	1168
NOUN	stück	2678441	1168
NOUN	bescheid	336932	1171
VERB	wünschen	1502402	1174
NOUN	ferkel	27002	1177
VERB	bieten	5083808	1177
NOUN	sack	183553	1177	1582
VERB	raten	276574	1179	1713
VERB	trauern	43353	1182
VERB	einfallen	122485	1185
VERB	taugen	118386	1186
VERB	bitten	1482418	1190
VERB	strafen	27184	1193
NOUN	variante	627875	1194
VERB	auftreten	272209	1195
NOUN	asche	95318	1196
VERB	vertrauen	163407	1197	1201
VERB	befehlen	63892	1203
VERB	gehorchen	27033	1203
NOUN	nuss	96779	1205	1598
VERB	knacken	41581	1205
VERB	retten	332248	1206
NOUN	sprung	265532	1208
VERB	bewerfen	9425	1209
NOUN	kleie	3353	1216
NOUN	lamm	61351	1217
NOUN	fresse	96865	1217
VERB	aufstehen	64665	1222
VERB	zwitschern	10932	1225	1642	1783
VERB	hineinrufen	2127	1228	1229	1789	1982
NOUN	wiederholung	173273	1230
NOUN	weisheit	184425	1230	1428
VERB	verirren	18542	1233
NOUN	zaun	148132	1234
ADJ	niedrig	562604	1234
NOUN	kapelle	139736	1235
NOUN	versuchung	74735	1236
NOUN	wärme	309019	1240
NOUN	kälte	178536	1240
ADJ	teuer	932324	1242
NOUN	kleinod	23369	1242
NOUN	dichter	186380	1244
VERB	gebären	762126	1244
NOUN	redner	64781	1244
NOUN	nadelstich	5685	1245
VERB	schütten	32149	1246
NOUN	arme	3650	1252
ADJ	heilig	596899	1253	1493
NOUN	makrele	10082	1253
VERB	fließen	310062	1254
NOUN	edelmann	11791	1263	1455
NOUN	klaue	4929	1264
NOUN	segen	171199	1265	1640	1798	1798
ADJ	bitter	110354	1267
NOUN	wurzel	324680	1267
ADJ	süß	268421	1267
VERB	stärken	302986	1269
NOUN	trägheit	21882	1270
NOUN	plage	19533	1270
NOUN	mäßigkeit	1258	1272
NOUN	beutel	84165	1273	1442	1683
NOUN	hieb	20328	1277
VERB	aufschieben	13539	1280
VERB	aufheben	243933	1280
NOUN	galgen	12330	1281
NOUN	fehler	1552329	1282	1283
NOUN	barkauf	652	1286
VERB	verheben	1057	1293
VERB	arbeiten	2274597	1296
VERB	glänzen	113547	1298	1868
VERB	sparen	408640	1298	1643	1644
VERB	wanken	14939	1303
NOUN	pudel	21244	1304
NOUN	gegenteil	579521	1312
NOUN	erde	1073388	1313	1316	1503
NOUN	rücken	594018	1313	1316	1414	1446
NOUN	knecht	35556	1317
NOUN	irrtum	149029	1319	1319
VERB	verharren	28643	1319
ADJ	fliehend	6246	1322
NOUN	schippe	17866	1324	1325	1326
NOUN	totengräber	41	1325
NOUN	cent	295388	1331
NOUN	euro	5000356	1331
NOUN	hehler	3082	1335
NOUN	kapitän	157619	1336
VERB	schleifen	34984	1340
VERB	ermüden	7996	1340
NOUN	pfuscher	1810	1340
NOUN	hitze	217770	1345
NOUN	detail	1667630	1348
NOUN	trunk	23197	1349
NOUN	ruhm	87721	1350
NOUN	stammhalter	1737	1352
NOUN	hühnerstall	7810	1356
NOUN	feder	113353	1358
NOUN	schürze	20681	1359
NOUN	erntewagen	785	1359
VERB	schätzen	385593	1360
NOUN	kritiker	195895	1361
NOUN	karte	1595150	1364
NOUN	kanne	30004	1364
ADJ	arm	480382	1364	1485
VERB	hängen	1121030	1365
NOUN	narbe	73198	1367
VERB	beten	130467	1369	1608
NOUN	stern	724553	1371
VERB	begehren	46381	1371
NOUN	uhr	5768548	1373
VERB	prüfen	314946	1379	1380
VERB	binden	222237	1379	1380
NOUN	karren	30035	1381
NOUN	pille	130845	1382
VERB	gebühren	38583	1387
VERB	schimpfen	59203	1394
NOUN	langohr	3572	1394
NOUN	name	3492533	1398
NOUN	schläfer	8365	1399
ADJ	klug	110177	1402
ADJ	gerade	6379496	1403
NOUN	küsschen	12184	1404
VERB	verwehren	55450	1404	1417
NOUN	rahmen	2432485	1405
NOUN	bild	6420588	1405	1859
NOUN	wörterbuch	77551	1407
NOUN	nein	153018	1409
ADJ	räudig	2469	1410
NOUN	herde	21	1410	1780
NOUN	schelm	19108	1412
VERB	entzücken	7686	1414
NOUN	tänzchen	3698	1417
ADJ	unnütz	24459	1418
NOUN	hilfe	2637642	1420	1719
NOUN	geber	30599	1423
NOUN	einigkeit	43462	1424
NOUN	lehrmeisterin	1354	1427
NOUN	nest	113994	1436
VERB	beschmutzen	5066	1436
NOUN	kehricht	2673	1437
ADJ	fett	167111	1442
NOUN	sparsamkeit	14323	1443
ADJ	fleißig	181882	1444
NOUN	hausvater	2956	1444
NOUN	frage	8038271	1445
NOUN	lot	44259	1447
NOUN	parteifreund	13426	1448
NOUN	lämpchen	13592	1449
VERB	glühen	20162	1449
NOUN	friede	67893	1450	1798	1798
VERB	ernähren	63828	1450
VERB	verzehren	30321	1450
VERB	baggern	3232	1451
VERB	schaufeln	9452	1451
NOUN	häkchen	29326	1454
ADJ	gebraucht	165437	1457
VERB	blinken	39111	1457
ADJ	schwer	2162982	1460	1745
VERB	beruhigen	95658	1461
NOUN	eigennutz	10559	1464
VERB	erwarten	827851	1465
NOUN	eltern	2081906	1479
ADJ	fein	581666	1481
NOUN	ereignis	720869	1483
NOUN	keule	35663	1484
NOUN	beule	28211	1484
NOUN	start	993326	1486
NOUN	maß	772748	1489	1586
NOUN	trank	23177	1489
NOUN	schneider	263726	1494
NOUN	schleifstein	4162	1495
NOUN	kutscher	14066	1499
VERB	hüten	35095	1502
NOUN	gleichgültigkeit	31217	1502
NOUN	flößer	1878	1502
NOUN	salz	310206	1503	1629
NOUN	deutsche	886179	1505
VERB	vermessen	32058	1507
NOUN	beschränkung	122554	1508
ADJ	rau	329	1515	1516
NOUN	geschäft	838091	1518
ADJ	oll	45377	1526
NOUN	flut	79058	1528
NOUN	ebbe	21873	1528
NOUN	gan	780	1529
NOUN	martinstag	3054	1529
VERB	beginnen	2516237	1530	1551
VERB	aussprechen	162281	1531
NOUN	nächste	89084	1533
NOUN	ware	675965	1535
VERB	wohnen	746643	1540
VERB	schnurren	11573	1542
NOUN	flamme	148293	1544
NOUN	schutzengel	20403	1547
NOUN	murmeltier	11312	1551
NOUN	ursache	768662	1554
NOUN	wirkung	985344	1554
NOUN	krankheit	880349	1556
NOUN	kunde	2816290	1557
NOUN	mops	14914	1564
NOUN	haferstroh	397	1564
NOUN	grinsen	60714	1571
NOUN	eid	31646	1572
NOUN	lust	869547	1576
NOUN	saat	27934	1585	1785
NOUN	gewicht	616267	1586
NOUN	masse	541473	1587
NOUN	klasse	1587991	1587
VERB	fällen	315913	1588
NOUN	hut	238761	1589
VERB	mitgehen	18790	1591	1592
NOUN	lebenslauf	100758	1593
NOUN	muss	229363	1598
NOUN	ruhebank	3647	1599
NOUN	jagd	194811	1604
NOUN	tote	278643	1613
NOUN	sterben	111873	1614
NOUN	papier	637154	1616
VERB	spüren	385793	1619
NOUN	blutwurst	4440	1620
VERB	bilden	1288543	1623
NOUN	rost	35968	1626
NOUN	bürgerpflicht	3938	1627
NOUN	samt	12510	1630
VERB	löschen	303339	1630
VERB	verändern	535981	1635
VERB	regen	206851	1640
NOUN	talent	299115	1651
NOUN	träne	27678	1653	1774
ADJ	traut	22066	1655
VERB	trennen	220711	1656
ADJ	undankbar	15026	1658
NOUN	umsatz	333572	1659
NOUN	gewinn	546168	1659
NOUN	redlichkeit	6569	1660
NOUN	geschmack	524408	1661	1662	1663
NOUN	seife	50976	1662
NOUN	aas	11673	1664	1796
VERB	sammeln	358272	1664	1796
NOUN	geier	31751	1664	1796
NOUN	schädel	69383	1671
NOUN	versuch	921424	1677
NOUN	kontrolle	703777	1678	1679
NOUN	kasten	28509	1683
NOUN	bach	147351	1684
ADJ	schnell	5116337	1685
NOUN	nachsicht	19581	1697
ADJ	wahr	773017	1698	1699
VERB	geraten	419849	1704
NOUN	pelz	32896	1708
VERB	weggehen	23214	1709
NOUN	platz	3601391	1709
NOUN	bube	43772	1718	1781
VERB	locken	168266	1718
NOUN	stube	42352	1718
VERB	hocken	51869	1718
VERB	verzählen	3021	1722
NOUN	rohr	155277	1727
NOUN	wüste	170452	1729
NOUN	kamel	39576	1729
VERB	anlaufen	29228	1729
VERB	austeilen	10770	1733
VERB	einstecken	43219	1733
VERB	bestellen	534178	1739
VERB	bezahlen	490133	1739	1740
NOUN	schaufel	20026	1742
NOUN	bogen	222791	1743
NOUN	schütze	43052	1743
VERB	erlangen	113861	1744
NOUN	brille	190540	1755
VERB	gelingen	947375	1758
NOUN	versicherung	504885	1758
NOUN	blechnapf	482	1759
VERB	schreiben	3107562	1766
VERB	begeben	202602	1768
VERB	wundern	325212	1769
VERB	aufwachen	41495	1769
NOUN	likör	17883	1771
NOUN	freitag	1007080	1778
VERB	neigen	183322	1778
NOUN	ernte	96323	1785
NOUN	sense	32609	1786
NOUN	schnitt	319201	1786
VERB	wiegen	166866	1791
VERB	schweifen	31139	1792
VERB	gucken	348623	1794
VERB	hinkommen	27319	1795
NOUN	wirtshaus	24590	1797
NOUN	backhaus	16610	1797
NOUN	stümper	4033	1801
NOUN	würde	182469	1808
NOUN	bürde	12794	1808
NOUN	kleister	4988	1812
NOUN	pärchen	55981	1813
NOUN	frist	268353	1814
VERB	rosten	14544	1821
NOUN	schild	291127	1825
NOUN	gilde	74996	1825
NOUN	morgenland	9379	1829
NOUN	ausnahme	615046	1833
VERB	bestätigen	454809	1833
NOUN	opfer	857426	1838
NOUN	betrachter	142772	1854	1935
NOUN	dorf	748212	1855
VERB	kämpfen	479713	1878
NOUN	käse	163759	1899
VERB	verrenken	2047	1908
NOUN	morgenstunde	41559	1919
NOUN	gebot	216781	1925
NOUN	ratschlag	167492	1931
ADJ	still	242871	1941	1942
VERB	gründen	538798	1941
NOUN	unwissenheit	48722	1951
NOUN	balken	97573	1961	1962
